			2: 0(10)1(60)3(115)4(145)5(179)6
0:(1)(5)1 1:(34)(44)3 3:(60)(113)3 4: (120)(125)(131)(139)5 5: (145)(153)(158)(160)(177)6 6: (179)(190)-1

+159
						9: 2(145)8
			2: 0(10)1(60)3(115)4			8: 5(159)7(179)6
0:(1)(5)1 1:(34)(44)3 3:(60)(113)3 4: (120)(125)(131)(139)5 5: (145)(153)(158)7 7:(159)(160)(177)6 6: (179)(190)-1

-5	
						9: 2(145)8
			2: 0(60)3(115)4				8: 5(159)7(179)6
0:(1)(34)(44)3 3:(60)(113)3 4: (120)(125)(131)(139)5 5: (145)(153)(158)7 7:(159)(160)(177)6 6: (179)(190)-1

-190
						9: 2(145)8
			2: 0(60)3(115)4				8: 5(159)7(177)6
0:(1)(34)(44)3 3:(60)(113)3 4: (120)(125)(131)(139)5 5: (145)(153)(158)7 7:(159)(160)6 6: (177)(179)-1

